shape_id,shape_pt_lat,shape_pt_lon,shape_pt_sequence,shape_dist_traveled
NY,40.701617,-74.016198,1,0
NY,40.700125,-74.018756,2,0.272
NY,40.699661,-74.019915,3,0.383
NY,40.696961,-74.024164,4,0.85
NY,40.693077,-74.02961,5,1.48
NY,40.690435,-74.034143,6,1.962
NY,40.688938,-74.037018,7,2.256
NY,40.687246,-74.041353,8,2.667
NY,40.686486,-74.042394,9,2.789
NY,40.6864,-74.044528,10,2.97
NY,40.686398,-74.046037,11,3.097
NY,40.687337,-74.04753,12,3.26
NY,40.688745,-74.047939,13,3.421
NY,40.689361,-74.048026,14,3.489
NY,40.689629,-74.047929,15,3.52
NY,40.689834,-74.047706,16,3.55
NY,40.689621,-74.047769,17,3.574
NY,40.689478,-74.047864,18,3.592
NY,40.689288,-74.047876,19,3.613
NY,40.689084,-74.047865,20,3.636
NY,40.688816,-74.047779,21,3.667
NY,40.68858,-74.047747,22,3.693
NY,40.688385,-74.047661,23,3.716
NY,40.687647,-74.04733,24,3.802
NY,40.687286,-74.046631,25,3.874
NY,40.686924,-74.046,26,3.94
NY,40.686859,-74.045485,27,3.985
NY,40.686924,-74.044283,28,4.086
NY,40.686957,-74.043339,29,4.166
NY,40.686973,-74.042288,30,4.254
NY,40.687559,-74.041858,31,4.329
NY,40.688161,-74.041622,32,4.399
NY,40.689853,-74.041193,33,4.59
NY,40.69122,-74.040507,34,4.753
NY,40.692261,-74.039219,35,4.912
NY,40.693139,-74.038103,36,5.047
NY,40.693953,-74.036987,37,5.178
NY,40.694796,-74.036822,38,5.273
NY,40.695925,-74.037671,39,5.417
NY,40.697866,-74.039713,40,5.693
NY,40.698171,-74.040118,41,5.741
NY,40.698578,-74.040528,42,5.798
NY,40.698903,-74.040432,43,5.835
NY,40.698748,-74.040374,44,5.853
NY,40.698281,-74.039966,45,5.916
NY,40.697923,-74.039129,46,5.997
NY,40.696362,-74.03655,47,6.275
NY,40.696493,-74.034361,48,6.46
NY,40.696981,-74.030756,49,6.769
NY,40.697865,-74.026974,50,7.102
NY,40.699394,-74.022682,51,7.502
NY,40.70064,-74.019401,52,7.811
NY,40.701535,-74.01732,53,8.013
NY,40.701552,-74.016452,54,8.086
NJ,40.707675,-74.033775,1,0
NJ,40.7074174420977,-74.0325758176343,2,0.105
NJ,40.7070157475626,-74.0318659656993,3,0.18
NJ,40.7058376015237,-74.0314485738133,4,0.315
NJ,40.7053163807962,-74.0314880542886,5,0.373
NJ,40.6974581138582,-74.0348252528268,6,1.291
NJ,40.6966209172158,-74.0365752078744,7,1.466
NJ,40.6968331422889,-74.0375964560353,8,1.555
NJ,40.6973403959934,-74.0386727426432,9,1.662
NJ,40.6978812686188,-74.0395651794443,10,1.758
NJ,40.698201,-74.040076,11,1.814
NJ,40.696118,-74.03793,12,2.108
NJ,40.693483,-74.036128,13,2.438
NJ,40.687495,-74.0410629999999,14,3.223
NJ,40.686486,-74.042394,15,3.382
NJ,40.686128,-74.043853,16,3.511
NJ,40.686128,-74.045226,17,3.627
NJ,40.687235,-74.047372,18,3.846
NJ,40.688341,-74.048316,19,3.992
NJ,40.689703,-74.04705,20,4.178
NJ,40.688341,-74.048316,21,4.363
NJ,40.686398,-74.046037,22,4.652
NJ,40.686486,-74.042394,23,4.959
NJ,40.687495,-74.0410629999999,24,5.118
NJ,40.693483,-74.036128,25,5.903
NJ,40.698438,-74.034192,26,6.478
NJ,40.7054469241152,-74.0315467793085,27,7.288
NJ,40.7058727847778,-74.0314708382263,28,7.336
NJ,40.7070902539463,-74.0317614927493,29,7.474
NJ,40.7075202617052,-74.0325644778256,30,7.557
NJ,40.707675,-74.033775,31,7.66
LSPClr,40.68986,-74.04772,1,0
LSPClr,40.68983,-74.0478,2,0.008
LSPClr,40.68971,-74.04797,3,0.027
LSPClr,40.68952,-74.04808,4,0.05
LSPClr,40.68933,-74.04815,5,0.072
LSPClr,40.68915,-74.0482,6,0.093
LSPClr,40.68891,-74.04823,7,0.119
LSPClr,40.68875,-74.04823,8,0.137
LSPClr,40.68859,-74.04819,9,0.155
LSPClr,40.6884,-74.04814,10,0.177
LSPClr,40.68821,-74.04805,11,0.199
LSPClr,40.68802,-74.04792,12,0.223
LSPClr,40.68785,-74.04778,13,0.245
LSPClr,40.68767,-74.04765,14,0.268
LSPClr,40.6875,-74.0475,15,0.291
LSPClr,40.68737,-74.04736,16,0.31
LSPClr,40.6872,-74.04716,17,0.335
LSPClr,40.68711,-74.04706,18,0.348
LSPClr,40.68703,-74.04696,19,0.36
LSPClr,40.68687,-74.04673,20,0.387
LSPClr,40.68673,-74.04654,21,0.409
LSPClr,40.68656,-74.0463,22,0.437
LSPClr,40.68644,-74.04608,23,0.459
LSPClr,40.68636,-74.04586,24,0.48
LSPClr,40.6863,-74.0456,25,0.503
LSPClr,40.68626,-74.04536,26,0.524
LSPClr,40.68619,-74.04511,27,0.546
LSPClr,40.68616,-74.04487,28,0.567
LSPClr,40.68614,-74.04466,29,0.584
LSPClr,40.68613,-74.04437,30,0.609
LSPClr,40.68614,-74.04414,31,0.628
LSPClr,40.68617,-74.04387,32,0.651
LSPClr,40.68623,-74.04354,33,0.68
LSPClr,40.6863,-74.04318,34,0.711
LSPClr,40.6864,-74.04291,35,0.737
LSPClr,40.6865,-74.04255,36,0.769
LSPClr,40.68661,-74.04229,37,0.794
LSPClr,40.68676,-74.04204,38,0.821
LSPClr,40.68695,-74.04179,39,0.851
LSPClr,40.68716,-74.04155,40,0.882
LSPClr,40.68733,-74.04131,41,0.909
LSPClr,40.68753,-74.04112,42,0.937
LSPClr,40.68774,-74.04091,43,0.966
LSPClr,40.68792,-74.04075,44,0.99
LSPClr,40.68807,-74.04065,45,1.009
LSPClr,40.68839,-74.0404,46,1.05
LSPClr,40.689479,-74.039401,47,1.198
LSPClr,40.690794,-74.038292,48,1.371
LSPClr,40.69161,-74.037624,49,1.478
LSPClr,40.693027,-74.037576,50,1.636
LSPClr,40.694944,-74.037681,51,1.849
LSPClr,40.696305,-74.038306,52,2.009
LSPClr,40.69734,-74.03915,53,2.145
LSPClr,40.69787,-74.03973,54,2.221
LSPClr,40.69816,-74.04009,55,2.266
LSPClr,40.6983,-74.04026,56,2.287
LSPClr,40.69848,-74.04055,57,2.318
LSPClr,40.69857,-74.04067,58,2.333
LSPClr,40.69861,-74.04071,59,2.338
LSPClr,40.69862,-74.04072,60,2.34
LSPClr,40.69863,-74.04072,61,2.341
LSPClr,40.69864,-74.04072,62,2.342
LSPClr,40.69865,-74.04072,63,2.343
LSPClr,40.69866,-74.04072,64,2.344
LSPClr,40.69867,-74.04072,65,2.345
LSPClr,40.69868,-74.04071,66,2.346
LSPClr,40.69869,-74.0407,67,2.348
LSPClr,40.6989,-74.04045,68,2.379
LSPClr,40.69869,-74.0407,69,2.411
LSPClr,40.69868,-74.04071,70,2.412
LSPClr,40.69867,-74.04072,71,2.414
LSPClr,40.69866,-74.04072,72,2.415
LSPClr,40.69865,-74.04072,73,2.416
LSPClr,40.69864,-74.04072,74,2.417
LSPClr,40.69863,-74.04072,75,2.418
LSPClr,40.69862,-74.04072,76,2.419
LSPClr,40.69861,-74.04071,77,2.421
LSPClr,40.69857,-74.04067,78,2.426
LSPClr,40.69848,-74.04055,79,2.44
LSPClr,40.6983,-74.04026,80,2.472
LSPClr,40.69816,-74.04009,81,2.493
LSPClr,40.69787,-74.03973,82,2.537
LSPClr,40.69734,-74.03915,83,2.614
LSPClr,40.69714,-74.03894,84,2.642
LSPClr,40.697,-74.03878,85,2.663
LSPClr,40.696642,-74.037715,86,2.761
LSPClr,40.696847,-74.0364,87,2.874
LSPClr,40.697146,-74.035534,88,2.955
LSPClr,40.697791,-74.034898,89,3.044
LSPClr,40.698368,-74.034648,90,3.112
LSPClr,40.698997,-74.034485,91,3.183
LSPClr,40.701379,-74.033757,92,3.455
LSPClr,40.702341,-74.033404,93,3.566
LSPClr,40.702934,-74.033128,94,3.636
LSPClr,40.703332,-74.032945,95,3.683
LSPClr,40.703541,-74.032838,96,3.708
LSPClr,40.70376,-74.032692,97,3.735
LSPClr,40.704063,-74.032549,98,3.771
LSPClr,40.704284,-74.032504,99,3.796
LSPClr,40.704574,-74.032389,100,3.829
LSPClr,40.704908,-74.032317,101,3.867
LSPClr,40.706227,-74.032137,102,4.014
LSPClr,40.70678,-74.032411,103,4.08
LSPClr,40.707079,-74.033028,104,4.142
LSPClr,40.707124,-74.033442,105,4.177
LSPClr,40.707142,-74.033889,106,4.215
LSPClr,40.70716,-74.034078,107,4.231
LSPClr,40.707208,-74.034583,108,4.274
EILILSP,40.69906,-74.04056,1,0
EILILSP,40.69894,-74.0404,2,0.019
EILILSP,40.69869,-74.0407,3,0.057
EILILSP,40.69868,-74.04071,4,0.058
EILILSP,40.69867,-74.04072,5,0.059
EILILSP,40.69866,-74.04072,6,0.06
EILILSP,40.69865,-74.04072,7,0.062
EILILSP,40.69864,-74.04072,8,0.063
EILILSP,40.69863,-74.04072,9,0.064
EILILSP,40.69862,-74.04072,10,0.065
EILILSP,40.69861,-74.04071,11,0.066
EILILSP,40.69857,-74.04067,12,0.072
EILILSP,40.69848,-74.04055,13,0.086
EILILSP,40.6983,-74.04026,14,0.118
EILILSP,40.69816,-74.04009,15,0.139
EILILSP,40.69787,-74.03973,16,0.183
EILILSP,40.697321,-74.039032,17,0.268
EILILSP,40.696452,-74.038194,18,0.388
EILILSP,40.695465,-74.037772,19,0.503
EILILSP,40.694136,-74.037397,20,0.654
EILILSP,40.692793,-74.037092,21,0.806
EILILSP,40.692017,-74.037254,22,0.893
EILILSP,40.68871,-74.04015,23,1.334
EILILSP,40.68839,-74.0404,24,1.376
EILILSP,40.68807,-74.04065,25,1.417
EILILSP,40.68792,-74.04075,26,1.436
EILILSP,40.68774,-74.04091,27,1.46
EILILSP,40.68753,-74.04112,28,1.489
EILILSP,40.68733,-74.04131,29,1.517
EILILSP,40.68716,-74.04155,30,1.544
EILILSP,40.68695,-74.04179,31,1.575
EILILSP,40.68676,-74.04204,32,1.605
EILILSP,40.68661,-74.04229,33,1.632
EILILSP,40.6865,-74.04255,34,1.657
EILILSP,40.6864,-74.04291,35,1.689
EILILSP,40.6863,-74.04318,36,1.715
EILILSP,40.68623,-74.04354,37,1.746
EILILSP,40.68617,-74.04387,38,1.775
EILILSP,40.68614,-74.04414,39,1.798
EILILSP,40.68613,-74.04437,40,1.817
EILILSP,40.68614,-74.04466,41,1.842
EILILSP,40.68616,-74.04487,42,1.859
EILILSP,40.68619,-74.04511,43,1.88
EILILSP,40.68626,-74.04536,44,1.902
EILILSP,40.6863,-74.0456,45,1.923
EILILSP,40.68636,-74.04586,46,1.946
EILILSP,40.68644,-74.04608,47,1.967
EILILSP,40.68656,-74.0463,48,1.99
EILILSP,40.68673,-74.04654,49,2.017
EILILSP,40.68687,-74.04673,50,2.04
EILILSP,40.68703,-74.04696,51,2.066
EILILSP,40.68711,-74.04706,52,2.078
EILILSP,40.6872,-74.04716,53,2.091
EILILSP,40.68737,-74.04736,54,2.117
EILILSP,40.6875,-74.0475,55,2.135
EILILSP,40.68767,-74.04765,56,2.158
EILILSP,40.68785,-74.04778,57,2.181
EILILSP,40.68802,-74.04792,58,2.203
EILILSP,40.68821,-74.04805,59,2.227
EILILSP,40.6884,-74.04814,60,2.249
EILILSP,40.68859,-74.04819,61,2.271
EILILSP,40.68875,-74.04823,62,2.289
EILILSP,40.68891,-74.04823,63,2.307
EILILSP,40.68915,-74.0482,64,2.334
EILILSP,40.68933,-74.04815,65,2.354
EILILSP,40.68952,-74.04808,66,2.376
EILILSP,40.68971,-74.04797,67,2.399
EILILSP,40.68983,-74.0478,68,2.419
EILILSP,40.68984,-74.04777,69,2.421
EILILSP,40.68983,-74.0478,70,2.424
EILILSP,40.68971,-74.04797,71,2.444
EILILSP,40.68952,-74.04808,72,2.467
EILILSP,40.68933,-74.04815,73,2.489
EILILSP,40.68915,-74.0482,74,2.509
EILILSP,40.68891,-74.04823,75,2.536
EILILSP,40.68875,-74.04823,76,2.554
EILILSP,40.68859,-74.04819,77,2.572
EILILSP,40.6884,-74.04814,78,2.593
EILILSP,40.68821,-74.04805,79,2.616
EILILSP,40.68802,-74.04792,80,2.64
EILILSP,40.68785,-74.04778,81,2.662
EILILSP,40.68767,-74.04765,82,2.685
EILILSP,40.6875,-74.0475,83,2.708
EILILSP,40.68737,-74.04736,84,2.726
EILILSP,40.6872,-74.04716,85,2.752
EILILSP,40.68711,-74.04706,86,2.765
EILILSP,40.68703,-74.04696,87,2.777
EILILSP,40.68687,-74.04673,88,2.803
EILILSP,40.68673,-74.04654,89,2.826
EILILSP,40.68656,-74.0463,90,2.853
EILILSP,40.68644,-74.04608,91,2.876
EILILSP,40.68636,-74.04586,92,2.897
EILILSP,40.6863,-74.0456,93,2.92
EILILSP,40.68626,-74.04536,94,2.94
EILILSP,40.68619,-74.04511,95,2.963
EILILSP,40.68616,-74.04487,96,2.983
EILILSP,40.68614,-74.04466,97,3.001
EILILSP,40.68613,-74.04437,98,3.026
EILILSP,40.68614,-74.04414,99,3.045
EILILSP,40.68617,-74.04387,100,3.068
EILILSP,40.68623,-74.04354,101,3.097
EILILSP,40.6863,-74.04318,102,3.128
EILILSP,40.6864,-74.04291,103,3.153
EILILSP,40.6865,-74.04255,104,3.186
EILILSP,40.68661,-74.04229,105,3.211
EILILSP,40.68676,-74.04204,106,3.238
EILILSP,40.68695,-74.04179,107,3.267
EILILSP,40.68716,-74.04155,108,3.298
EILILSP,40.68733,-74.04131,109,3.326
EILILSP,40.68753,-74.04112,110,3.353
EILILSP,40.68774,-74.04091,111,3.383
EILILSP,40.68792,-74.04075,112,3.407
EILILSP,40.68807,-74.04065,113,3.426
EILILSP,40.68839,-74.0404,114,3.467
EILILSP,40.68871,-74.04015,115,3.508
EILILSP,40.689,-74.03989,116,3.547
EILILSP,40.68925,-74.03964,117,3.582
EILILSP,40.68951,-74.03937,118,3.619
EILILSP,40.6898,-74.03907,119,3.66
EILILSP,40.69016,-74.03878,120,3.707
EILILSP,40.6903,-74.03863,121,3.727
EILILSP,40.69043,-74.03852,122,3.744
EILILSP,40.69059,-74.03839,123,3.765
EILILSP,40.69083,-74.03815,124,3.798
EILILSP,40.69119,-74.03789,125,3.844
EILILSP,40.69145,-74.0377,126,3.877
EILILSP,40.69171,-74.03746,127,3.912
EILILSP,40.69178,-74.03742,128,3.921
EILILSP,40.69463,-74.03604,129,4.259
EILILSP,40.69748,-74.03466,130,4.596
EILILSP,40.6976,-74.03461,131,4.61
EILILSP,40.69798,-74.0345,132,4.653
EILILSP,40.69808,-74.03447,133,4.665
EILILSP,40.69842,-74.03433,134,4.704
EILILSP,40.69878,-74.03422,135,4.745
EILILSP,40.69907,-74.03411,136,4.779
EILILSP,40.69945,-74.034,137,4.822
EILILSP,40.69992,-74.03388,138,4.875
EILILSP,40.70042,-74.03384,139,4.931
EILILSP,40.704284,-74.032504,140,5.375
EILILSP,40.704574,-74.032389,141,5.409
EILILSP,40.704908,-74.032317,142,5.447
EILILSP,40.706227,-74.032137,143,5.594
EILILSP,40.70678,-74.032411,144,5.66
EILILSP,40.707079,-74.033028,145,5.722
EILILSP,40.707124,-74.033442,146,5.757
EILILSP,40.707142,-74.033889,147,5.795
EILILSP,40.70716,-74.034078,148,5.811
EILILSP,40.707208,-74.034583,149,5.853
EIBP,40.69902,-74.0405,1,0
EIBP,40.69894,-74.0404,2,0.012
EIBP,40.69869,-74.0407,3,0.05
EIBP,40.69868,-74.04071,4,0.051
EIBP,40.69867,-74.04072,5,0.053
EIBP,40.69866,-74.04072,6,0.054
EIBP,40.69865,-74.04072,7,0.055
EIBP,40.69864,-74.04072,8,0.056
EIBP,40.69863,-74.04072,9,0.057
EIBP,40.69862,-74.04072,10,0.058
EIBP,40.69861,-74.04071,11,0.06
EIBP,40.69857,-74.04067,12,0.065
EIBP,40.69848,-74.04055,13,0.079
EIBP,40.6983,-74.04026,14,0.111
EIBP,40.69816,-74.04009,15,0.132
EIBP,40.69787,-74.03973,16,0.176
EIBP,40.69734,-74.03915,17,0.253
EIBP,40.696592,-74.037478,18,0.417
EIBP,40.696032,-74.034548,19,0.671
EIBP,40.696816,-74.029439,20,1.111
EIBP,40.697688,-74.025762,21,1.436
EIBP,40.698676,-74.022931,22,1.698
EIBP,40.699459,-74.021374,23,1.856
EIBP,40.700171,-74.020119,24,1.988
EIBP,40.70218,-74.01653,25,2.364
LIBP,40.68986,-74.04772,1,0
LIBP,40.68983,-74.0478,2,0.008
LIBP,40.68971,-74.04797,3,0.027
LIBP,40.68952,-74.04808,4,0.05
LIBP,40.68933,-74.04815,5,0.072
LIBP,40.68915,-74.0482,6,0.093
LIBP,40.68891,-74.04823,7,0.119
LIBP,40.68875,-74.04823,8,0.137
LIBP,40.68859,-74.04819,9,0.155
LIBP,40.6884,-74.04814,10,0.177
LIBP,40.68821,-74.04805,11,0.199
LIBP,40.68802,-74.04792,12,0.223
LIBP,40.68785,-74.04778,13,0.245
LIBP,40.68767,-74.04765,14,0.268
LIBP,40.6875,-74.0475,15,0.291
LIBP,40.68737,-74.04736,16,0.31
LIBP,40.6872,-74.04716,17,0.335
LIBP,40.68711,-74.04706,18,0.348
LIBP,40.68703,-74.04696,19,0.36
LIBP,40.68687,-74.04673,20,0.387
LIBP,40.68673,-74.04654,21,0.409
LIBP,40.68656,-74.0463,22,0.437
LIBP,40.68644,-74.04608,23,0.459
LIBP,40.68636,-74.04586,24,0.48
LIBP,40.6863,-74.0456,25,0.503
LIBP,40.68626,-74.04536,26,0.524
LIBP,40.68619,-74.04511,27,0.546
LIBP,40.68616,-74.04487,28,0.567
LIBP,40.68614,-74.04466,29,0.584
LIBP,40.68613,-74.04437,30,0.609
LIBP,40.68614,-74.04414,31,0.628
LIBP,40.68617,-74.04387,32,0.651
LIBP,40.68623,-74.04354,33,0.68
LIBP,40.6863,-74.04318,34,0.711
LIBP,40.6864,-74.04291,35,0.737
LIBP,40.6865,-74.04255,36,0.769
LIBP,40.68661,-74.04229,37,0.794
LIBP,40.68676,-74.04204,38,0.821
LIBP,40.68695,-74.04179,39,0.851
LIBP,40.68716,-74.04155,40,0.882
LIBP,40.68733,-74.04131,41,0.909
LIBP,40.68753,-74.04112,42,0.937
LIBP,40.68774,-74.04091,43,0.966
LIBP,40.688515,-74.03985,44,1.09
LIBP,40.68913,-74.038817,45,1.201
LIBP,40.692168,-74.033863,46,1.738
LIBP,40.701202,-74.016725,47,3.498
LIBP,40.701619,-74.01614,48,3.566
