service_id,date,exception_type
8,20260926,1
8,20260927,1
8,20261003,1
8,20261010,1
8,20261011,1
8,20261017,1
8,20261024,1
8,20261031,1
8,20261101,1
1,20260928,2
1,20260929,2
1,20260930,2
1,20261001,2
1,20261002,2
2,20260928,2
2,20260929,2
2,20260930,2
2,20261001,2
2,20261002,2
3,20260928,2
3,20260929,2
3,20260930,2
3,20261001,2
3,20261002,2
4,20260928,2
4,20260929,2
4,20260930,2
4,20261001,2
4,20261002,2
5,20260928,2
5,20260929,2
5,20260930,2
5,20261001,2
5,20261002,2
6,20260928,2
6,20260929,2
6,20260930,2
6,20261001,2
6,20261002,2
7,20260928,2
7,20260929,2
7,20260930,2
7,20261001,2
7,20261002,2
8,20260928,2
8,20260929,2
8,20260930,2
8,20261001,2
8,20261002,2
