shape_id,shape_pt_lat,shape_pt_lon,shape_pt_sequence
9220-7777_185,41.4557339,-70.6002466,1
9220-7777_185,41.4660625,-70.5873892,2
9220-7777_185,41.4713685,-70.5772183,3
9220-7777_185,41.4734586,-70.5677769,4
9220-7777_185,41.4714971,-70.5553744,5
9220-7777_185,41.4529084,-70.5004427,6
9220-7777_185,41.3479978,-70.1462195,7
9220-7777_185,41.3062311,-70.1031325,8
9220-7777_185,41.295365,-70.096571,9
9220-7777_185,41.2901103,-70.0862238,10
9220-7777_185,41.2861067,-70.09633,11
9220-185_7777,41.2861067,-70.09633,1
9220-185_7777,41.2901103,-70.0862238,2
9220-185_7777,41.295365,-70.096571,3
9220-185_7777,41.3062311,-70.1031325,4
9220-185_7777,41.3479978,-70.1462195,5
9220-185_7777,41.4529084,-70.5004427,6
9220-185_7777,41.4714971,-70.5553744,7
9220-185_7777,41.4734586,-70.5677769,8
9220-185_7777,41.4713685,-70.5772183,9
9220-185_7777,41.4660625,-70.5873892,10
9220-185_7777,41.4557339,-70.6002466,11
9220-184_185,41.2861067,-70.09633,1
9220-184_185,41.2903602,-70.0867862,2
9220-184_185,41.3014848,-70.1035749,3
9220-184_185,41.4599128,-70.532385,4
9220-184_185,41.4586165,-70.5544621,5
9220-185_184,41.4586165,-70.5544621,1
9220-185_184,41.4599128,-70.532385,2
9220-185_184,41.3014848,-70.1035749,3
9220-185_184,41.2903602,-70.0867862,4
9220-185_184,41.2861067,-70.09633,5
270-186_184,41.635524,-70.919661,1
270-186_184,41.635949,-70.917475,2
270-186_184,41.635937,-70.91636,3
270-186_184,41.63562,-70.915482,4
270-186_184,41.624666,-70.905998,5
270-186_184,41.624121,-70.905311,6
270-186_184,41.607068,-70.89145,7
270-186_184,41.575902,-70.866022,8
270-186_184,41.575308,-70.86555,9
270-186_184,41.574779,-70.864863,10
270-186_184,41.574345,-70.863984,11
270-186_184,41.57404,-70.863104,12
270-186_184,41.55683,-70.801477,13
270-186_184,41.524644,-70.695906,14
270-186_184,41.522363,-70.690992,15
270-186_184,41.521784,-70.690112,16
270-186_184,41.521206,-70.689211,17
270-186_184,41.52021,-70.687151,18
270-186_184,41.519973,-70.686148,19
270-186_184,41.519832,-70.685145,20
270-186_184,41.519873,-70.683138,21
270-186_184,41.519961,-70.681132,22
270-186_184,41.519941,-70.680108,23
270-186_184,41.519824,-70.679083,24
270-186_184,41.519567,-70.678235,25
270-186_184,41.519214,-70.677431,26
270-186_184,41.518411,-70.675864,27
270-186_184,41.518073,-70.675027,28
270-186_184,41.5178,-70.674148,29
270-186_184,41.517222,-70.672474,30
270-186_184,41.51672,-70.671385,31
270-186_184,41.516089,-70.670296,32
270-186_184,41.514796,-70.668247,33
270-186_184,41.512048,-70.664062,34
270-186_184,41.510915,-70.662367,35
270-186_184,41.509879,-70.660543,36
270-186_184,41.507838,-70.656681,37
270-186_184,41.504142,-70.648785,38
270-186_184,41.493921,-70.611105,39
270-186_184,41.485691,-70.580292,40
270-186_184,41.482348,-70.570164,41
270-186_184,41.481624,-70.568629,42
270-186_184,41.480901,-70.567481,43
270-186_184,41.479856,-70.565947,44
270-186_184,41.478811,-70.564799,45
270-186_184,41.476818,-70.563018,46
270-186_184,41.47476,-70.561495,47
270-186_184,41.46582,-70.555873,48
270-186_184,41.462154,-70.554245,49
270-186_184,41.460385,-70.553924,50
270-186_184,41.459927,-70.553968,51
270-186_184,41.459469,-70.554097,52
270-186_184,41.458616,-70.554462,53
270-184_186,41.458616,-70.554462,1
270-184_186,41.459469,-70.554097,2
270-184_186,41.459927,-70.553968,3
270-184_186,41.460385,-70.553924,4
270-184_186,41.462154,-70.554245,5
270-184_186,41.46582,-70.555873,6
270-184_186,41.47476,-70.561495,7
270-184_186,41.476818,-70.563018,8
270-184_186,41.478811,-70.564799,9
270-184_186,41.479856,-70.565947,10
270-184_186,41.480901,-70.567481,11
270-184_186,41.481624,-70.568629,12
270-184_186,41.482348,-70.570164,13
270-184_186,41.485691,-70.580292,14
270-184_186,41.493921,-70.611105,15
270-184_186,41.504142,-70.648785,16
270-184_186,41.507838,-70.656681,17
270-184_186,41.509879,-70.660543,18
270-184_186,41.510915,-70.662367,19
270-184_186,41.512048,-70.664062,20
270-184_186,41.514796,-70.668247,21
270-184_186,41.516089,-70.670296,22
270-184_186,41.51672,-70.671385,23
270-184_186,41.517222,-70.672474,24
270-184_186,41.5178,-70.674148,25
270-184_186,41.518073,-70.675027,26
270-184_186,41.518411,-70.675864,27
270-184_186,41.519214,-70.677431,28
270-184_186,41.519567,-70.678235,29
270-184_186,41.519824,-70.679083,30
270-184_186,41.519941,-70.680108,31
270-184_186,41.519961,-70.681132,32
270-184_186,41.519873,-70.683138,33
270-184_186,41.519832,-70.685145,34
270-184_186,41.519973,-70.686148,35
270-184_186,41.52021,-70.687151,36
270-184_186,41.521206,-70.689211,37
270-184_186,41.521784,-70.690112,38
270-184_186,41.522363,-70.690992,39
270-184_186,41.524644,-70.695906,40
270-184_186,41.55683,-70.801477,41
270-184_186,41.57404,-70.863104,42
270-184_186,41.574345,-70.863984,43
270-184_186,41.574779,-70.864863,44
270-184_186,41.575308,-70.86555,45
270-184_186,41.575902,-70.866022,46
270-184_186,41.607068,-70.89145,47
270-184_186,41.624121,-70.905311,48
270-184_186,41.624666,-70.905998,49
270-184_186,41.63562,-70.915482,50
270-184_186,41.635937,-70.91636,51
270-184_186,41.635949,-70.917475,52
270-184_186,41.635524,-70.919661,53
272-186_185,41.635524,-70.919661,1
272-186_185,41.635949,-70.917475,2
272-186_185,41.635937,-70.91636,3
272-186_185,41.63562,-70.915482,4
272-186_185,41.624666,-70.905998,5
272-186_185,41.624121,-70.905311,6
272-186_185,41.575902,-70.866022,7
272-186_185,41.575308,-70.86555,8
272-186_185,41.574779,-70.864863,9
272-186_185,41.57404,-70.863104,10
272-186_185,41.524644,-70.695906,11
272-186_185,41.522363,-70.690992,12
272-186_185,41.521206,-70.689211,13
272-186_185,41.52021,-70.687151,14
272-186_185,41.519832,-70.685145,15
272-186_185,41.519941,-70.680108,16
272-186_185,41.519567,-70.678235,17
272-186_185,41.518411,-70.675864,18
272-186_185,41.5178,-70.674148,19
272-186_185,41.51672,-70.671385,20
272-186_185,41.509879,-70.660543,21
272-186_185,41.504142,-70.648785,22
272-186_185,41.481624,-70.568629,23
272-186_185,41.47849,-70.553856,24
272-186_185,41.473345,-70.541153,25
272-186_185,41.466142,-70.510597,26
272-186_185,41.456622,-70.469398,27
272-186_185,41.445043,-70.43541,28
272-186_185,41.422392,-70.334129,29
272-186_185,41.377581,-70.202637,30
272-186_185,41.34666,-70.139809,31
272-186_185,41.302684,-70.099897,32
272-186_185,41.295365,-70.096571,33
272-186_185,41.291383,-70.089748,34
272-186_185,41.28969,-70.088503,35
272-186_185,41.288981,-70.088847,36
272-186_185,41.287981,-70.090606,37
272-186_185,41.286836,-70.094318,38
272-186_185,41.286107,-70.09633,39
272-185_186,41.286107,-70.09633,1
272-185_186,41.286836,-70.094318,2
272-185_186,41.287981,-70.090606,3
272-185_186,41.288981,-70.088847,4
272-185_186,41.28969,-70.088503,5
272-185_186,41.291383,-70.089748,6
272-185_186,41.295365,-70.096571,7
272-185_186,41.302684,-70.099897,8
272-185_186,41.34666,-70.139809,9
272-185_186,41.377581,-70.202637,10
272-185_186,41.422392,-70.334129,11
272-185_186,41.445043,-70.43541,12
272-185_186,41.456622,-70.469398,13
272-185_186,41.466142,-70.510597,14
272-185_186,41.473345,-70.541153,15
272-185_186,41.47849,-70.553856,16
272-185_186,41.481624,-70.568629,17
272-185_186,41.504142,-70.648785,18
272-185_186,41.509879,-70.660543,19
272-185_186,41.51672,-70.671385,20
272-185_186,41.5178,-70.674148,21
272-185_186,41.518411,-70.675864,22
272-185_186,41.519567,-70.678235,23
272-185_186,41.519941,-70.680108,24
272-185_186,41.519832,-70.685145,25
272-185_186,41.52021,-70.687151,26
272-185_186,41.521206,-70.689211,27
272-185_186,41.522363,-70.690992,28
272-185_186,41.524644,-70.695906,29
272-185_186,41.57404,-70.863104,30
272-185_186,41.574779,-70.864863,31
272-185_186,41.575308,-70.86555,32
272-185_186,41.575902,-70.866022,33
272-185_186,41.624121,-70.905311,34
272-185_186,41.624666,-70.905998,35
272-185_186,41.63562,-70.915482,36
272-185_186,41.635937,-70.91636,37
272-185_186,41.635949,-70.917475,38
272-185_186,41.635524,-70.919661,39
270-186_7777,41.4557339,-70.6002466,1
270-186_7777,41.4560783,-70.598662,2
270-186_7777,41.4566733,-70.5969025,3
270-186_7777,41.4574613,-70.5955292,4
270-186_7777,41.4582332,-70.5947996,5
270-186_7777,41.4598253,-70.5937482,6
270-186_7777,41.4616263,-70.5929435,7
270-186_7777,41.4641026,-70.5923427,8
270-186_7777,41.4665467,-70.5921496,9
270-186_7777,41.4704538,-70.5913556,10
270-186_7777,41.47547,-70.591699,11
270-186_7777,41.4791997,-70.5923856,12
270-186_7777,41.4825435,-70.5944455,13
270-186_7777,41.48653,-70.5994237,14
270-186_7777,41.4892304,-70.6056035,15
270-186_7777,41.4932165,-70.6205381,16
270-186_7777,41.4991309,-70.6416524,17
270-186_7777,41.5037592,-70.655042,18
270-186_7777,41.5112152,-70.6658567,19
270-186_7777,41.516089,-70.670296,20
270-186_7777,41.518411,-70.675864,21
270-186_7777,41.519873,-70.683138,22
270-186_7777,41.5211124,-70.6914342,23
270-186_7777,41.5258676,-70.7005323,24
270-186_7777,41.575308,-70.86555,25
270-186_7777,41.624121,-70.905311,26
270-186_7777,41.63562,-70.915482,27
270-186_7777,41.635937,-70.91636,28
270-186_7777,41.6360064,-70.9177711,29
270-186_7777,41.635524,-70.9196609,30
270-7777_186,41.635524,-70.9196609,1
270-7777_186,41.6360064,-70.9177711,2
270-7777_186,41.635937,-70.91636,3
270-7777_186,41.63562,-70.915482,4
270-7777_186,41.624121,-70.905311,5
270-7777_186,41.575308,-70.86555,6
270-7777_186,41.5258676,-70.7005323,7
270-7777_186,41.5211124,-70.6914342,8
270-7777_186,41.519873,-70.683138,9
270-7777_186,41.518411,-70.675864,10
270-7777_186,41.516089,-70.670296,11
270-7777_186,41.5112152,-70.6658567,12
270-7777_186,41.5037592,-70.655042,13
270-7777_186,41.4991309,-70.6416524,14
270-7777_186,41.4932165,-70.6205381,15
270-7777_186,41.4892304,-70.6056035,16
270-7777_186,41.48653,-70.5994237,17
270-7777_186,41.4825435,-70.5944455,18
270-7777_186,41.4791997,-70.5923856,19
270-7777_186,41.47547,-70.591699,20
270-7777_186,41.4704538,-70.5913556,21
270-7777_186,41.4665467,-70.5921496,22
270-7777_186,41.4641026,-70.5923427,23
270-7777_186,41.4616263,-70.5929435,24
270-7777_186,41.4598253,-70.5937482,25
270-7777_186,41.4582332,-70.5947996,26
270-7777_186,41.4574613,-70.5955292,27
270-7777_186,41.4566733,-70.5969025,28
270-7777_186,41.4560783,-70.598662,29
270-7777_186,41.4557339,-70.6002466,30
211-168_170_176_175,40.7438939,-73.9706576,1
211-168_170_176_175,40.74147,-73.968587,2
211-168_170_176_175,40.733015,-73.967256,3
211-168_170_176_175,40.711354,-73.972235,4
211-168_170_176_175,40.708653,-73.980174,5
211-168_170_176_175,40.706929,-73.992405,6
211-168_170_176_175,40.701935,-74.000594,7
211-168_170_176_175,40.6991792,-74.0058082,8
211-168_170_176_175,40.7010012,-74.0121597,9
211-168_170_176_175,40.6909797,-74.008469,10
211-168_170_176_175,40.678685,-74.024506,11
211-168_170_176_175,40.63037,-74.048195,12
211-168_170_176_175,40.601442,-74.037895,13
211-168_170_176_175,40.494204,-74.036694,14
211-168_170_176_175,40.467715,-74.0312,15
211-168_170_176_175,40.4093932,-73.9962351,16
211-168_170_176_175,40.413968,-74.00577,17
211-168_170_176_175,40.4193569,-74.0340811,18
211-176_175_170_168,40.4093932,-73.9962351,1
211-176_175_170_168,40.413642,-74.004526,2
211-176_175_170_168,40.4193569,-74.0340811,3
211-176_175_170_168,40.494204,-74.036694,4
211-176_175_170_168,40.601442,-74.037895,5
211-176_175_170_168,40.63037,-74.048195,6
211-176_175_170_168,40.678685,-74.024506,7
211-176_175_170_168,40.6909797,-74.008469,8
211-176_175_170_168,40.7010012,-74.0121597,9
211-176_175_170_168,40.6991792,-74.0058082,10
211-176_175_170_168,40.706929,-73.992405,11
211-176_175_170_168,40.708653,-73.980174,12
211-176_175_170_168,40.711354,-73.972235,13
211-176_175_170_168,40.733015,-73.967256,14
211-176_175_170_168,40.74147,-73.968587,15
211-176_175_170_168,40.7438939,-73.9706576,16
211-168_170_175_176,40.7438939,-73.9706576,1
211-168_170_175_176,40.74147,-73.968587,2
211-168_170_175_176,40.733015,-73.967256,3
211-168_170_175_176,40.711354,-73.972235,4
211-168_170_175_176,40.708653,-73.980174,5
211-168_170_175_176,40.706929,-73.992405,6
211-168_170_175_176,40.6991792,-74.0058082,7
211-168_170_175_176,40.7010012,-74.0121597,8
211-168_170_175_176,40.6909797,-74.008469,9
211-168_170_175_176,40.678685,-74.024506,10
211-168_170_175_176,40.63037,-74.048195,11
211-168_170_175_176,40.601442,-74.037895,12
211-168_170_175_176,40.494204,-74.036694,13
211-168_170_175_176,40.4193569,-74.0340811,14
211-168_170_175_176,40.413642,-74.004526,15
211-168_170_175_176,40.4093932,-73.9962351,16
211-176_175_168_170,40.4093932,-73.9962351,1
211-176_175_168_170,40.413642,-74.004526,2
211-176_175_168_170,40.4193569,-74.0340811,3
211-176_175_168_170,40.496374,-74.036608,4
211-176_175_168_170,40.601442,-74.037895,5
211-176_175_168_170,40.63037,-74.048195,6
211-176_175_168_170,40.678685,-74.024506,7
211-176_175_168_170,40.692483,-74.006824,8
211-176_175_168_170,40.701935,-74.000594,9
211-176_175_168_170,40.706929,-73.992405,10
211-176_175_168_170,40.711354,-73.972235,11
211-176_175_168_170,40.733015,-73.967256,12
211-176_175_168_170,40.7419828,-73.9685577,13
211-176_175_168_170,40.7438939,-73.9706576,14
211-176_175_168_170,40.74147,-73.968587,15
211-176_175_168_170,40.733015,-73.967256,16
211-176_175_168_170,40.711354,-73.972235,17
211-176_175_168_170,40.708653,-73.980174,18
211-176_175_168_170,40.706929,-73.992405,19
211-176_175_168_170,40.6991792,-74.0058082,20
211-176_175_168_170,40.7010012,-74.0121597,21
211-175_170_168,40.4193569,-74.0340811,1
211-175_170_168,40.601442,-74.037895,2
211-175_170_168,40.63037,-74.048195,3
211-175_170_168,40.678685,-74.024506,4
211-175_170_168,40.6909797,-74.008469,5
211-175_170_168,40.7010012,-74.0121597,6
211-175_170_168,40.6991792,-74.0058082,7
211-175_170_168,40.706929,-73.992405,8
211-175_170_168,40.708653,-73.980174,9
211-175_170_168,40.711354,-73.972235,10
211-175_170_168,40.733015,-73.967256,11
211-175_170_168,40.74147,-73.968587,12
211-175_170_168,40.7438939,-73.9706576,13
211-170_168_175,40.7010012,-74.0121597,1
211-170_168_175,40.6991792,-74.0058082,2
211-170_168_175,40.706929,-73.992405,3
211-170_168_175,40.708653,-73.980174,4
211-170_168_175,40.711354,-73.972235,5
211-170_168_175,40.7322642,-73.9672316,6
211-170_168_175,40.74147,-73.968587,7
211-170_168_175,40.7438939,-73.9706576,8
211-170_168_175,40.74147,-73.968587,9
211-170_168_175,40.7322642,-73.9672316,10
211-170_168_175,40.711354,-73.972235,11
211-170_168_175,40.708653,-73.980174,12
211-170_168_175,40.706929,-73.992405,13
211-170_168_175,40.7014275,-74.0008232,14
211-170_168_175,40.692483,-74.006824,15
211-170_168_175,40.678685,-74.024506,16
211-170_168_175,40.63037,-74.048195,17
211-170_168_175,40.601442,-74.037895,18
211-170_168_175,40.4193569,-74.0340811,19
211-175_168_170,40.4193569,-74.0340811,1
211-175_168_170,40.601442,-74.037895,2
211-175_168_170,40.63037,-74.048195,3
211-175_168_170,40.678685,-74.024506,4
211-175_168_170,40.692483,-74.006824,5
211-175_168_170,40.7014275,-74.0008232,6
211-175_168_170,40.706929,-73.992405,7
211-175_168_170,40.708653,-73.980174,8
211-175_168_170,40.711354,-73.972235,9
211-175_168_170,40.7322642,-73.9672316,10
211-175_168_170,40.74147,-73.968587,11
211-175_168_170,40.7438939,-73.9706576,12
211-175_168_170,40.74147,-73.968587,13
211-175_168_170,40.7322642,-73.9672316,14
211-175_168_170,40.711354,-73.972235,15
211-175_168_170,40.708653,-73.980174,16
211-175_168_170,40.706929,-73.992405,17
211-175_168_170,40.6991792,-74.0058082,18
211-175_168_170,40.7010012,-74.0121597,19
211-175_176_168_170,40.4193569,-74.0340811,1
211-175_176_168_170,40.414043,-74.0052137,2
211-175_176_168_170,40.4093932,-73.9962351,3
211-175_176_168_170,40.467715,-74.0312,4
211-175_176_168_170,40.496374,-74.036608,5
211-175_176_168_170,40.601442,-74.037895,6
211-175_176_168_170,40.63037,-74.048195,7
211-175_176_168_170,40.678685,-74.024506,8
211-175_176_168_170,40.692483,-74.006824,9
211-175_176_168_170,40.7023987,-74.0002355,10
211-175_176_168_170,40.7069874,-73.9930195,11
211-175_176_168_170,40.708653,-73.980174,12
211-175_176_168_170,40.711354,-73.972235,13
211-175_176_168_170,40.7322642,-73.9672316,14
211-175_176_168_170,40.7419828,-73.9685577,15
211-175_176_168_170,40.7438939,-73.9706576,16
211-175_176_168_170,40.7419828,-73.9685577,17
211-175_176_168_170,40.7322642,-73.9672316,18
211-175_176_168_170,40.711354,-73.972235,19
211-175_176_168_170,40.708653,-73.980174,20
211-175_176_168_170,40.7069874,-73.9930195,21
211-175_176_168_170,40.6991792,-74.0058082,22
211-175_176_168_170,40.7010012,-74.0121597,23
211-176_170_168,40.4665055,-74.03064,1
211-176_170_168,40.6034643,-74.0385418,2
211-176_170_168,40.6320007,-74.0520172,3
211-176_170_168,40.6811614,-74.0232639,4
211-176_170_168,40.6889066,-74.0092735,5
211-176_170_168,40.7010012,-74.0121597,6
211-176_170_168,40.7063463,-73.9950256,7
211-176_170_168,40.7085585,-73.9777736,8
211-176_170_168,40.7114863,-73.9716797,9
211-176_170_168,40.733015,-73.967256,10
211-176_170_168,40.7438939,-73.9706576,11
211-168_170_176,40.7438939,-73.9706576,1
211-168_170_176,40.733015,-73.967256,2
211-168_170_176,40.7114863,-73.9716797,3
211-168_170_176,40.7085585,-73.9777736,4
211-168_170_176,40.7063463,-73.9950256,5
211-168_170_176,40.7010012,-74.0121597,6
211-168_170_176,40.6889066,-74.0092735,7
211-168_170_176,40.6811614,-74.0232639,8
211-168_170_176,40.6320007,-74.0520172,9
211-168_170_176,40.6034643,-74.0385418,10
211-168_170_176,40.4665055,-74.03064,11
211-170_168_176,40.7007884,-74.0118978,1
211-170_168_176,40.6969166,-74.006705,2
211-170_168_176,40.7058963,-73.9967916,3
211-170_168_176,40.708206,-73.9840457,4
211-170_168_176,40.7109802,-73.9721626,5
211-170_168_176,40.7336084,-73.9667079,6
211-170_168_176,40.7438939,-73.9706576,7
211-170_168_176,40.7323166,-73.9668411,8
211-170_168_176,40.7104507,-73.9728019,9
211-170_168_176,40.7061891,-73.9952895,10
211-170_168_176,40.7023987,-74.0002355,11
211-170_168_176,40.6889066,-74.0092735,12
211-170_168_176,40.6798976,-74.0246007,13
211-170_168_176,40.630059,-74.0511993,14
211-170_168_176,40.601442,-74.037895,15
211-170_168_176,40.4700247,-74.0322826,16
211-170_168_176,40.4093932,-73.9962351,17
211-176_168_170,40.4093932,-73.9962351,1
211-176_168_170,40.4700247,-74.0322826,2
211-176_168_170,40.601442,-74.037895,3
211-176_168_170,40.630059,-74.0511993,4
211-176_168_170,40.6798976,-74.0246007,5
211-176_168_170,40.6889066,-74.0092735,6
211-176_168_170,40.7023987,-74.0002355,7
211-176_168_170,40.7061891,-73.9952895,8
211-176_168_170,40.7104507,-73.9728019,9
211-176_168_170,40.7323166,-73.9668411,10
211-176_168_170,40.7438939,-73.9706576,11
211-176_168_170,40.7336084,-73.9667079,12
211-176_168_170,40.7109802,-73.9721626,13
211-176_168_170,40.708206,-73.9840457,14
211-176_168_170,40.7058963,-73.9967916,15
211-176_168_170,40.6969166,-74.006705,16
211-176_168_170,40.7007884,-74.0118978,17
211-9819_170_9825_9954,40.433219,-74.078861,1
211-9819_170_9825_9954,40.4341995,-74.0803744,2
211-9819_170_9825_9954,40.4348552,-74.0817583,3
211-9819_170_9825_9954,40.6046011,-74.0422518,4
211-9819_170_9825_9954,40.6346714,-74.0542283,5
211-9819_170_9825_9954,40.6822939,-74.0232966,6
211-9819_170_9825_9954,40.6906869,-74.0075024,7
211-9819_170_9825_9954,40.7007957,-74.0114559,8
211-9819_170_9825_9954,40.6972856,-74.0109052,9
211-9819_170_9825_9954,40.7002138,-74.0245094,10
211-9819_170_9825_9954,40.7150963,-74.017441,11
211-9819_170_9825_9954,40.7137187,-74.0319445,12
211-9954_9825_170_9819,40.7137187,-74.0319445,1
211-9954_9825_170_9819,40.7150963,-74.017441,2
211-9954_9825_170_9819,40.7002138,-74.0245094,3
211-9954_9825_170_9819,40.6972856,-74.0109052,4
211-9954_9825_170_9819,40.7007957,-74.0114559,5
211-9954_9825_170_9819,40.6906869,-74.0075024,6
211-9954_9825_170_9819,40.6822939,-74.0232966,7
211-9954_9825_170_9819,40.6346714,-74.0542283,8
211-9954_9825_170_9819,40.6046011,-74.0422518,9
211-9954_9825_170_9819,40.4348552,-74.0817583,10
211-9954_9825_170_9819,40.4341995,-74.0803744,11
211-9954_9825_170_9819,40.433219,-74.078861,12
211-170_9825_9954_9819,40.7007957,-74.0114559,1
211-170_9825_9954_9819,40.6971763,-74.0116103,2
211-170_9825_9954_9819,40.6999745,-74.026459,3
211-170_9825_9954_9819,40.7149066,-74.0180047,4
211-170_9825_9954_9819,40.7137444,-74.0320855,5
211-170_9825_9954_9819,40.7030978,-74.0270598,6
211-170_9825_9954_9819,40.632225,-74.0510065,7
211-170_9825_9954_9819,40.5936121,-74.0368445,8
211-170_9825_9954_9819,40.4348552,-74.0817583,9
211-170_9825_9954_9819,40.4338775,-74.0796097,10
211-170_9825_9954_9819,40.433219,-74.078861,11
211-9819_9954_9825_170,40.433219,-74.078861,1
211-9819_9954_9825_170,40.4338775,-74.0796097,2
211-9819_9954_9825_170,40.4348552,-74.0817583,3
211-9819_9954_9825_170,40.5936121,-74.0368445,4
211-9819_9954_9825_170,40.632225,-74.0510065,5
211-9819_9954_9825_170,40.7030978,-74.0270598,6
211-9819_9954_9825_170,40.7137444,-74.0320855,7
211-9819_9954_9825_170,40.7149066,-74.0180047,8
211-9819_9954_9825_170,40.6999745,-74.026459,9
211-9819_9954_9825_170,40.6971763,-74.0116103,10
211-9819_9954_9825_170,40.7007957,-74.0114559,11
211-9819_170_9825_9954_8306,40.433219,-74.078861,1
211-9819_170_9825_9954_8306,40.4340492,-74.0800896,2
211-9819_170_9825_9954_8306,40.4348552,-74.0817583,3
211-9819_170_9825_9954_8306,40.601442,-74.037895,4
211-9819_170_9825_9954_8306,40.6346714,-74.0542283,5
211-9819_170_9825_9954_8306,40.6802167,-74.0248724,6
211-9819_170_9825_9954_8306,40.6898626,-74.0082382,7
211-9819_170_9825_9954_8306,40.7007957,-74.0114559,8
211-9819_170_9825_9954_8306,40.6967446,-74.0151047,9
211-9819_170_9825_9954_8306,40.699982,-74.0273107,10
211-9819_170_9825_9954_8306,40.7150226,-74.0175743,11
211-9819_170_9825_9954_8306,40.7137444,-74.0320855,12
211-9819_170_9825_9954_8306,40.7171732,-74.0241981,13
211-9819_170_9825_9954_8306,40.7582099,-74.0123535,14
211-9819_170_9825_9954_8306,40.7605114,-74.0072263,15
211-9819_170_9825_9954_8306,40.7603318,-74.0041562,16
211-8306_9954_9825_170_9819,40.7603318,-74.0041562,1
211-8306_9954_9825_170_9819,40.7605114,-74.0072263,2
211-8306_9954_9825_170_9819,40.7582099,-74.0123535,3
211-8306_9954_9825_170_9819,40.7171732,-74.0241981,4
211-8306_9954_9825_170_9819,40.7137444,-74.0320855,5
211-8306_9954_9825_170_9819,40.7150226,-74.0175743,6
211-8306_9954_9825_170_9819,40.699982,-74.0273107,7
211-8306_9954_9825_170_9819,40.6967446,-74.0151047,8
211-8306_9954_9825_170_9819,40.7007957,-74.0114559,9
211-8306_9954_9825_170_9819,40.6898626,-74.0082382,10
211-8306_9954_9825_170_9819,40.6802167,-74.0248724,11
211-8306_9954_9825_170_9819,40.6346714,-74.0542283,12
211-8306_9954_9825_170_9819,40.601442,-74.037895,13
211-8306_9954_9825_170_9819,40.4348552,-74.0817583,14
211-8306_9954_9825_170_9819,40.4340492,-74.0800896,15
211-8306_9954_9825_170_9819,40.433219,-74.078861,16
211-9819_170_8306,40.433219,-74.078861,1
211-9819_170_8306,40.4340012,-74.0799553,2
211-9819_170_8306,40.434777,-74.0817792,3
211-9819_170_8306,40.603032,-74.0376998,4
211-9819_170_8306,40.6346936,-74.0505582,5
211-9819_170_8306,40.6805469,-74.0238734,6
211-9819_170_8306,40.6907349,-74.0078146,7
211-9819_170_8306,40.7007884,-74.0118978,8
211-9819_170_8306,40.6975355,-74.0147668,9
211-9819_170_8306,40.700724,-74.0279848,10
211-9819_170_8306,40.7592292,-74.0125782,11
211-9819_170_8306,40.7608065,-74.0067728,12
211-9819_170_8306,40.7602653,-74.0043062,13
211-9819_8306_9954_9825_170,40.433219,-74.078861,1
211-9819_8306_9954_9825_170,40.434168,-74.0803056,2
211-9819_8306_9954_9825_170,40.4348213,-74.0817808,3
211-9819_8306_9954_9825_170,40.603032,-74.0376998,4
211-9819_8306_9954_9825_170,40.6336685,-74.0515335,5
211-9819_8306_9954_9825_170,40.7587812,-74.0124121,6
211-9819_8306_9954_9825_170,40.7606649,-74.0064858,7
211-9819_8306_9954_9825_170,40.7602497,-74.004221,8
211-9819_8306_9954_9825_170,40.7606974,-74.0070115,9
211-9819_8306_9954_9825_170,40.7591777,-74.0126764,10
211-9819_8306_9954_9825_170,40.7362281,-74.0198218,11
211-9819_8306_9954_9825_170,40.7144782,-74.0274178,12
211-9819_8306_9954_9825_170,40.7137187,-74.0319445,13
211-9819_8306_9954_9825_170,40.7149438,-74.0180408,14
211-9819_8306_9954_9825_170,40.7093629,-74.0245049,15
211-9819_8306_9954_9825_170,40.6958937,-74.0159218,16
211-9819_8306_9954_9825_170,40.7007957,-74.0114559,17
211-9819_9825_170,40.433219,-74.078861,1
211-9819_9825_170,40.4341995,-74.0803744,2
211-9819_9825_170,40.4348786,-74.0818578,3
211-9819_9825_170,40.6052035,-74.0387081,4
211-9819_9825_170,40.6367488,-74.053834,5
211-9819_9825_170,40.7149602,-74.0241366,6
211-9819_9825_170,40.7150226,-74.0175743,7
211-9819_9825_170,40.7045096,-74.0227419,8
211-9819_9825_170,40.6978725,-74.0172702,9
211-9819_9825_170,40.7007884,-74.0118978,10
211-8306_9825_170_9819,40.7603318,-74.0041562,1
211-8306_9825_170_9819,40.7608205,-74.0075257,2
211-8306_9825_170_9819,40.7599753,-74.0126755,3
211-8306_9825_170_9819,40.7189072,-74.0227606,4
211-8306_9825_170_9819,40.7149066,-74.0180047,5
211-8306_9825_170_9819,40.7121739,-74.0244343,6
211-8306_9825_170_9819,40.6971435,-74.0175679,7
211-8306_9825_170_9819,40.7007884,-74.0118978,8
211-8306_9825_170_9819,40.69116,-74.007347,9
211-8306_9825_170_9819,40.6814914,-74.0231898,10
211-8306_9825_170_9819,40.6375905,-74.0538314,11
211-8306_9825_170_9819,40.6034526,-74.0413001,12
211-8306_9825_170_9819,40.4349245,-74.0819087,13
211-8306_9825_170_9819,40.4340344,-74.0798756,14
211-8306_9825_170_9819,40.433219,-74.078861,15
211-9825_170_9819,40.7150226,-74.0175743,1
211-9825_170_9819,40.7027837,-74.0226007,2
211-9825_170_9819,40.6970249,-74.0146185,3
211-9825_170_9819,40.7007957,-74.0114559,4
211-9825_170_9819,40.6891504,-74.0088249,5
211-9825_170_9819,40.6793549,-74.0244032,6
211-9825_170_9819,40.632158,-74.0526725,7
211-9825_170_9819,40.601442,-74.037895,8
211-9825_170_9819,40.4350524,-74.0818024,9
211-9825_170_9819,40.4342746,-74.0808529,10
211-9825_170_9819,40.433752,-74.0795494,11
211-9825_170_9819,40.433219,-74.078861,12
211-9819_8306_9825_9954_170,40.433219,-74.078861,1
211-9819_8306_9825_9954_170,40.4348887,-74.081608,2
211-9819_8306_9825_9954_170,40.6034837,-74.0448604,3
211-9819_8306_9825_9954_170,40.6346714,-74.0542283,4
211-9819_8306_9825_9954_170,40.7605061,-74.0096976,5
211-9819_8306_9825_9954_170,40.7603318,-74.0041562,6
211-9819_8306_9825_9954_170,40.7600185,-74.0104701,7
211-9819_8306_9825_9954_170,40.7175479,-74.0235948,8
211-9819_8306_9825_9954_170,40.7150963,-74.017441,9
211-9819_8306_9825_9954_170,40.7137444,-74.0320855,10
211-9819_8306_9825_9954_170,40.6984887,-74.0162644,11
211-9819_8306_9825_9954_170,40.7010012,-74.0121597,12
